./train/1.jpg,419.50003200000003,150.000128,484.499968,200.0,0
./train/10.jpg,361.50016,202.999808,532.499968,306.9998080000001,0
./train/10.jpg,179.500032,284.499968,268.499968,353.50016000000005,0
./train/10.jpg,128.99993600000002,333.499904,157.000192,372.499968,0
./train/100.jpg,259.999744,74.500096,309.999616,105.50016000000001,0
./train/100.jpg,349.499904,18.500096,394.500096,35.50003200000001,0
./train/100.jpg,483.999744,64.999936,537.999872,104.999936,0
./train/101.jpg,281.50016,32.500223999999996,336.500224,61.500416,0
./train/101.jpg,424.99993600000005,48.0,479.00006399999995,78.000128,0
./train/102.jpg,298.99980800000003,476.49996799999997,364.99968,495.499776,0
./train/102.jpg,329.99987200000004,493.00019199999997,381.999616,519.0000640000002,0
./train/103.jpg,282.99980800000003,405.499904,436.99967999999996,436.49996799999997,0
./train/103.jpg,424.0,402.99980800000003,539.9997440000001,422.99955199999994,0
./train/104.jpg,42.999808,399.499776,124.99968,420.499968,0
./train/104.jpg,160.0,400.0,288.0,419.999744,0
./train/104.jpg,278.00012799999996,397.499904,376.0,416.4997120000001,0
./train/104.jpg,403.500032,396.499968,530.500096,421.499904,0
./train/104.jpg,494.000128,392.999936,529.999872,412.99967999999996,0
./train/105.jpg,249.999872,387.999744,376.0,411.999744,0
./train/105.jpg,24.999935999999998,389.499904,72.999936,406.49984,0
./train/106.jpg,345.50016,378.99980800000003,398.500352,400.999936,0
./train/106.jpg,106.500096,380.000256,175.50028799999998,398.000128,0
./train/106.jpg,309.00019199999997,307.999744,331.0003200000001,327.9994880000001,0
./train/107.jpg,241.50016000000002,274.99980800000003,284.499968,298.99980800000003,0
./train/107.jpg,301.00019199999997,282.99980800000003,341.00019199999997,295.00006399999995,0
./train/107.jpg,326.00012799999996,400.0,368.0,425.999872,0
./train/107.jpg,325.499904,496.99993600000005,380.499968,511.00006399999995,0
./train/107.jpg,115.500032,464.500224,154.50009599999998,483.500032,0
./train/107.jpg,33.50016,310.49984,98.500096,345.499648,0
./train/107.jpg,333.00019199999997,250.50009599999998,365.00019199999997,295.500288,0
./train/107.jpg,385.50016,232.999936,408.500224,272.999936,0
./train/107.jpg,359.499776,241.999872,392.499712,289.99987200000004,0
./train/108.jpg,55.000064,377.50016,79.00006400000002,392.500224,0
./train/108.jpg,317.00019199999997,397.499904,383.000064,418.500096,0
./train/108.jpg,485.00019199999997,419.50003200000003,539.00032,450.500096,0
./train/109.jpg,24.500224,416.0,71.500288,444.000256,0
./train/11.jpg,71.000064,318.00012799999996,211.00032000000002,417.999872,0
./train/11.jpg,240.50022400000003,232.50022400000003,415.500288,343.500288,0
./train/11.jpg,422.000128,146.50009599999998,569.999872,237.499904,0
./train/110.jpg,309.499904,378.500096,436.49996799999997,419.50003200000003,0
./train/111.jpg,110.000128,240.999936,184.0,264.999936,0
./train/112.jpg,84.49996800000001,62.000128000000004,205.499904,90.000384,0
./train/112.jpg,309.499904,111.499776,406.49984,166.49983999999998,0
./train/113.jpg,24.500224,70.000128,69.500416,124.000256,0
./train/114.jpg,469.00019199999997,168.99993600000002,495.00006399999995,183.000064,0
./train/114.jpg,462.000128,209.999872,561.999872,245.999616,0
./train/115.jpg,220.49996800000002,165.49990400000002,303.499776,186.500096,0
./train/116.jpg,221.000192,160.99993600000002,267.00032000000004,207.000064,0
./train/116.jpg,259.999744,364.000256,295.9994880000001,384.0,0
./train/116.jpg,272.999936,499.999744,320.999936,523.9997440000001,0
./train/117.jpg,216.999936,429.00019199999997,277.000192,461.00019199999997,0
./train/117.jpg,61.000192000000006,338.500096,93.000192,361.50016,0
./train/117.jpg,489.999872,398.49984,523.9997440000001,431.499776,0
./train/118.jpg,329.99987200000004,370.500096,369.99987200000004,409.50016,0
./train/118.jpg,424.99993600000005,282.99980800000003,460.99967999999996,298.99980800000003,0
./train/118.jpg,61.499904,422.49984000000006,98.500096,439.499776,0
./train/118.jpg,208.0,501.499904,243.999744,522.500096,0
./train/119.jpg,176.99993600000002,79.499776,223.000064,96.499712,0
./train/12.jpg,42.999808,131.999744,104.999936,176.0,0
./train/120.jpg,115.500032,55.000064,208.500224,93.000192,0
./train/121.jpg,165.49990400000002,202.50009599999998,260.499968,247.50028799999998,0
./train/122.jpg,287.499776,381.499904,378.49958399999997,438.49984000000006,0
./train/122.jpg,300.499968,156.000256,385.50016000000005,252.000256,0
./train/123.jpg,390.49984,352.500224,419.500032,369.50016,0
./train/123.jpg,302.49984,169.50016000000002,339.5000320000001,186.500096,0
./train/123.jpg,412.000256,115.99974399999999,454.000128,131.99974400000002,0
./train/123.jpg,407.000064,257.50016,440.99993600000005,282.500096,0
./train/123.jpg,466.99980800000003,12.000256,498.99980800000003,28.000256,0
./train/123.jpg,83.50003199999999,197.000192,118.49983999999999,225.000448,0
./train/123.jpg,268.000256,402.500096,292.000256,419.50003200000003,0
./train/123.jpg,497.999872,371.500032,526.000128,384.500224,0
./train/123.jpg,221.000192,485.00019199999997,240.999936,497.00044800000006,0
./train/123.jpg,122.500096,448.0,141.49990400000004,462.000128,0
./train/123.jpg,136.500224,330.99980800000003,167.50028799999998,344.999936,0
./train/123.jpg,277.00019199999997,334.49984,299.0003200000001,343.499776,0
./train/123.jpg,144.0,383.499776,158.000128,394.499584,0
./train/123.jpg,450.500096,429.00019199999997,463.500288,441.00044800000006,0
./train/123.jpg,415.499776,475.50003200000003,436.499968,490.500096,0
./train/123.jpg,378.99980800000003,174.000128,398.999552,188.000256,0
./train/123.jpg,487.499776,183.499776,494.49984000000006,204.499968,0
./train/124.jpg,111.000064,46.49984,151.00006399999998,69.499904,0
./train/124.jpg,42.999808,239.49977599999997,74.999808,262.49984,0
./train/124.jpg,318.00012799999996,188.000256,360.0,212.000256,0
./train/124.jpg,401.50016,102.49984,438.50035199999996,133.49990400000002,0
./train/124.jpg,453.499904,194.999808,480.4997120000001,220.99967999999998,0
./train/124.jpg,361.99987200000004,284.499968,387.999744,309.499904,0
./train/124.jpg,480.99993600000005,374.00012799999996,504.99993600000005,388.000256,0
./train/124.jpg,303.000064,344.0,336.999936,363.999744,0
./train/124.jpg,204.499968,332.000256,241.50016000000002,350.000128,0
./train/124.jpg,102.000128,345.50016,136.0,362.500096,0
./train/124.jpg,64.999936,412.000256,100.99968,430.000128,0
./train/124.jpg,176.0,422.49984000000006,206.000128,441.49964800000004,0
./train/124.jpg,270.49984,405.499904,303.499776,424.4997120000001,0
./train/124.jpg,369.50016,443.50003200000003,394.500096,458.500096,0
./train/124.jpg,488.500224,465.50015999999994,525.500416,482.500096,0
./train/124.jpg,182.000128,213.49990400000002,204.000256,228.49996800000002,0
./train/125.jpg,14.000128,102.49984,36.000256,131.500032,0
./train/125.jpg,267.500032,66.999808,306.500096,84.99968,0
./train/125.jpg,438.49984000000006,17.999872,465.49964800000004,40.0,0
./train/125.jpg,249.999872,170.50009599999998,288.0,183.50028799999998,0
./train/125.jpg,471.499776,192.0,502.49984000000006,211.999744,0
./train/125.jpg,124.499968,201.999872,159.499776,219.999744,0
./train/125.jpg,21.499904,249.999872,44.499968,278.00012799999996,0
./train/125.jpg,113.50016000000001,316.499968,148.499968,339.5000320000001,0
./train/125.jpg,223.49977599999997,345.50016,262.49984,360.500224,0
./train/125.jpg,387.999744,360.500224,423.999488,375.500288,0
./train/125.jpg,204.499968,417.50016,235.50003199999998,432.500224,0
./train/125.jpg,59.500032,437.00019199999997,86.49984,456.99993600000005,0
./train/126.jpg,31.499776,19.500032,66.499584,40.500223999999996,0
./train/127.jpg,34.500096,208.0,45.499904,225.999872,0
./train/128.jpg,118.49983999999999,381.499904,199.499776,398.49984,0
./train/128.jpg,410.99980800000003,313.50016,430.99955199999994,348.499968,0
./train/129.jpg,13.499904,130.999808,28.499968000000006,146.999808,0
./train/129.jpg,107.500032,402.99980800000003,218.500096,444.99968,0
./train/13.jpg,88.0,258.500096,251.999744,345.50016,0
./train/13.jpg,227.50003199999998,441.999872,372.499968,507.999744,0
./train/13.jpg,457.999872,385.99987200000004,566.000128,456.0,0
./train/130.jpg,168.99993600000002,145.50016000000002,208.99993600000002,162.50009599999996,0
./train/130.jpg,195.999744,72.500224,233.999872,89.50016000000002,0
./train/130.jpg,293.499904,47.499776000000004,310.49984,58.499584,0
./train/130.jpg,374.00012799999996,42.999808,398.00012799999996,55.000064,0
./train/130.jpg,426.500096,24.0,459.50003200000003,36.000256,0
./train/130.jpg,372.499968,118.000128,395.500032,137.999872,0
./train/130.jpg,287.000064,118.000128,304.999936,132.000256,0
./train/130.jpg,297.99987200000004,135.499776,320.0,148.499968,0
./train/130.jpg,145.999872,311.000064,174.00012800000005,339.00032000000004,0
./train/131.jpg,354.500096,16.500224,377.50016,29.500415999999998,0
./train/131.jpg,66.999808,176.0,96.999936,192.0,0
./train/131.jpg,97.999872,193.999872,115.999744,211.999744,0
./train/131.jpg,409.99987200000004,227.999744,445.999616,243.999744,0
./train/132.jpg,73.50016,478.49984000000006,218.500096,545.4996480000001,0
./train/132.jpg,168.99993600000002,382.00012799999996,199.000064,428.000256,0
./train/132.jpg,208.0,378.99980800000003,217.999872,396.99968,0
./train/132.jpg,329.99987200000004,395.500032,397.999616,438.49984,0
./train/132.jpg,430.000128,440.500224,526.000128,497.50015999999994,0
./train/133.jpg,305.50016,30.499840000000003,330.500096,45.499904,0
./train/133.jpg,485.00019199999997,26.500096000000003,515.00032,35.500032,0
./train/133.jpg,308.499968,480.0,325.499904,494.000128,0
./train/134.jpg,166.49983999999998,22.49984,253.499904,45.499904,0
./train/134.jpg,420.49996799999997,111.499776,495.499776,146.499584,0
./train/135.jpg,387.999744,114.999808,475.999744,154.999808,0
./train/136.jpg,87.000064,101.499904,109.000192,116.499968,0
./train/136.jpg,254.49983999999998,92.00025600000001,271.499776,110.000128,0
./train/136.jpg,211.50003199999998,185.999872,226.50009599999998,249.999872,0
./train/136.jpg,296.999936,87.000064,325.000192,99.00032,0
./train/137.jpg,352.500224,164.499968,387.500032,173.49990400000002,0
./train/137.jpg,451.50003200000003,122.999808,508.499968,136.99993600000002,0
./train/137.jpg,486.000128,221.49990400000002,537.999872,234.500096,0
./train/137.jpg,230.000128,172.499968,256.0,183.499776,0
./train/137.jpg,488.500224,55.000064,535.500288,69.000192,0
./train/138.jpg,109.499904,188.499968,142.49983999999998,211.50003199999998,0
./train/138.jpg,56.999936,117.499904,90.999808,128.49971200000002,0
./train/138.jpg,153.50016000000002,110.49983999999999,186.500096,123.500032,0
./train/138.jpg,265.99987200000004,31.000064000000002,349.999616,50.999808,0
./train/138.jpg,380.000256,32.999936,406.000128,48.999936,0
./train/138.jpg,120.0,44.499968,177.999872,59.500032,0
./train/139.jpg,438.000128,59.500032,476.000256,82.500096,0
./train/139.jpg,42.999808,28.499968,100.99968,47.499776000000004,0
./train/139.jpg,254.000128,221.49990400000002,296.0,262.49984,0
./train/139.jpg,56.0,123.500032,116.000256,154.50009599999998,0
./train/139.jpg,268.499968,156.000256,301.499904,182.000128,0
./train/14.jpg,413.00019199999997,114.500096,467.00032,151.50028799999998,0
./train/14.jpg,464.0,140.000256,524.0002559999999,182.000128,0
./train/14.jpg,315.500032,66.500096,358.49983999999995,113.50016000000001,0
./train/140.jpg,40.500223999999996,411.500032,89.50016,510.49984,0
./train/140.jpg,335.499776,416.999936,370.49958399999997,511.00006399999995,0
./train/141.jpg,39.000064,464.99993600000005,115.00032,525.000192,0
./train/142.jpg,130.999808,104.0,194.999808,136.0,0
./train/142.jpg,165.49990400000002,413.499904,212.49996800000002,460.49996799999997,0
./train/142.jpg,393.99987200000004,479.00006399999995,459.999744,514.999808,0
./train/143.jpg,414.00012799999996,88.999936,486.000128,127.000064,0
./train/144.jpg,85.499904,323.500032,130.50009599999998,380.499968,0
./train/144.jpg,189.000192,193.999872,247.000064,256.0,0
./train/145.jpg,64.999936,143.499776,100.99968,156.499968,0
./train/145.jpg,322.500096,257.50016,345.50016,280.500224,0
./train/145.jpg,412.499968,256.500224,449.50016000000005,283.5000320000001,0
./train/145.jpg,469.499904,414.49984,490.500096,427.500032,0
./train/145.jpg,499.50003200000003,337.99987200000004,524.499968,357.999616,0
./train/145.jpg,30.499840000000003,189.000192,57.499648,203.00032,0
./train/145.jpg,158.000128,330.500096,188.000256,349.499904,0
./train/145.jpg,55.000064,445.00019199999997,77.000192,475.00032,0
./train/145.jpg,143.00006399999998,419.999744,162.999808,435.999744,0
./train/145.jpg,202.999808,461.499904,234.999808,496.4997120000001,0
./train/146.jpg,80.0,28.499968,115.999744,83.50003199999999,0
./train/146.jpg,330.99980800000003,163.500032,348.99968,208.500224,0
./train/146.jpg,73.999872,266.500096,109.99961599999999,283.500032,0
./train/146.jpg,72.999936,366.49984,111.000064,383.499776,0
./train/146.jpg,181.49990400000002,357.499904,212.49996800000002,384.4997120000001,0
./train/146.jpg,397.499904,462.49984000000006,426.500096,505.49964800000004,0
./train/146.jpg,250.50009599999998,487.00006399999995,275.50003200000003,522.999808,0
./train/146.jpg,136.500224,475.50003200000003,159.50028799999998,504.500224,0
./train/146.jpg,41.50016,447.499776,66.500096,476.499968,0
./train/147.jpg,386.99980800000003,204.000256,431.000064,246.000128,0
./train/148.jpg,173.49990400000002,273.99987200000004,410.500096,344.0,0
./train/148.jpg,253.49990400000002,395.500032,294.49984,426.500096,0
./train/149.jpg,359.499776,480.500224,388.499968,511.500288,0
./train/15.jpg,317.499904,328.500224,472.4997120000001,425.50015999999994,0
./train/15.jpg,438.000128,402.99980800000003,516.0002559999999,438.99955199999994,0
./train/150.jpg,390.49984,322.500096,455.499776,351.5002879999999,0
./train/151.jpg,70.000128,226.999808,162.000384,271.000064,0
./train/152.jpg,488.0,168.99993600000002,532.0002559999999,224.999936,0
./train/153.jpg,13.000192,50.500096,37.000192,83.50003199999999,0
./train/153.jpg,62.49984,18.999807999999998,77.499904,38.999552,0
./train/153.jpg,168.99993600000002,38.000128000000004,194.999808,52.00025599999999,0
./train/153.jpg,389.00019199999997,51.999744,407.000064,81.999872,0
./train/153.jpg,263.499776,91.50003199999999,282.49958399999997,120.500224,0
./train/153.jpg,96.999936,112.0,111.000064,129.999872,0
./train/153.jpg,17.50016,171.500032,32.500223999999996,190.49983999999998,0
./train/153.jpg,21.000192000000002,232.999936,40.999936,255.000064,0
./train/153.jpg,119.499776,186.50009599999998,138.499584,203.500032,0
./train/153.jpg,126.000128,268.499968,172.000256,293.499904,0
./train/153.jpg,284.499968,201.50016000000002,311.499776,230.500352,0
./train/153.jpg,168.500224,145.50016000000002,191.50028799999998,174.500352,0
./train/153.jpg,376.500224,174.49983999999998,403.500032,203.500032,0
./train/153.jpg,503.00006399999995,203.500032,520.999936,234.50009599999998,0
./train/154.jpg,17.50016,34.500096,44.499968,59.500032,0
./train/154.jpg,62.49984,113.50016000000001,81.49964800000002,140.499968,0
./train/154.jpg,166.49983999999998,76.49996800000001,191.499776,115.500032,0
./train/154.jpg,284.499968,49.999871999999996,311.499776,65.99987200000001,0
./train/155.jpg,184.99993600000002,145.50016000000002,213.000192,200.500224,0
./train/155.jpg,329.99987200000004,242.50009599999998,358.000128,287.500288,0
./train/155.jpg,380.499968,54.000128000000004,411.500032,73.999872,0
./train/155.jpg,207.499776,319.499776,224.49971200000002,338.49958399999997,0
./train/156.jpg,122.500096,239.49977599999997,175.50028799999998,278.49984,0
./train/156.jpg,350.00012799999996,386.500096,394.000384,447.500288,0
./train/157.jpg,470.000128,491.50003200000003,512.0,532.499968,0
./train/157.jpg,333.499904,76.00025600000001,360.4997120000001,94.000128,0
./train/158.jpg,285.499904,426.500096,366.49984,447.500288,0
./train/158.jpg,255.000064,392.0,325.00019199999997,409.99987200000004,0
./train/158.jpg,80.999936,438.000128,116.99968,450.000384,0
./train/158.jpg,113.50016000000001,400.999936,140.499968,410.99980800000003,0
./train/158.jpg,354.500096,388.499968,389.499904,399.499776,0
./train/158.jpg,408.999936,384.999936,448.99993600000005,394.99980800000003,0
./train/158.jpg,497.999872,384.999936,526.000128,399.000064,0
./train/158.jpg,270.00012799999996,496.99993600000005,312.0,506.99980800000003,0
./train/158.jpg,336.0,494.000128,401.99987200000004,506.000384,0
./train/158.jpg,429.499904,467.50003200000003,444.49996799999997,502.49984,0
./train/158.jpg,410.500096,488.500224,443.50003200000003,497.50015999999994,0
./train/159.jpg,125.499904,302.49984,216.49971200000002,319.499776,0
./train/159.jpg,424.0,399.000064,472.0,437.00019199999997,0
./train/159.jpg,460.49996799999997,410.500096,493.499904,437.499904,0
./train/159.jpg,474.500096,266.500096,533.499904,305.50016,0
./train/159.jpg,409.99987200000004,297.50016,461.999616,330.500096,0
./train/159.jpg,321.99987200000004,355.999744,353.99987200000004,369.999872,0
./train/159.jpg,379.500032,418.500096,414.49984,439.500288,0
./train/16.jpg,316.000256,421.499904,392.000512,452.49996799999997,0
./train/16.jpg,31.499776,415.000064,92.49996800000001,448.99993600000005,0
./train/16.jpg,113.50016000000001,431.00006399999995,170.50009599999996,453.00019199999997,0
./train/16.jpg,202.999808,442.99980800000003,263.000064,466.99980800000003,0
./train/16.jpg,469.00019199999997,456.0,539.00032,489.999872,0
./train/160.jpg,200.0,150.49983999999998,296.0,207.499776,0
./train/160.jpg,252.49996800000002,207.499776,305.50016,236.49996800000002,0
./train/160.jpg,173.000192,171.500032,240.999936,208.500224,0
./train/160.jpg,226.50009599999998,328.999936,259.50003200000003,364.99967999999996,0
./train/160.jpg,127.499776,381.00019199999997,172.499968,423.00006399999995,0
./train/160.jpg,102.000128,400.999936,132.000256,424.99993600000005,0
./train/160.jpg,124.499968,423.00006399999995,149.49990400000002,442.999808,0
./train/160.jpg,304.999936,325.00019199999997,336.999936,343.000064,0
./train/160.jpg,105.50016000000001,479.00006399999995,132.499968,507.00032000000004,0
./train/161.jpg,162.50009599999998,255.000064,219.50003199999998,264.999936,0
./train/161.jpg,65.50016,255.000064,122.50009599999998,264.999936,0
./train/161.jpg,181.49990400000002,283.500032,288.499712,302.49983999999995,0
./train/161.jpg,55.499776000000004,382.49984,114.49958400000001,407.499776,0
./train/161.jpg,147.999744,370.99980800000003,249.999872,392.999936,0
./train/161.jpg,143.499776,386.500096,260.499968,405.499904,0
./train/161.jpg,156.499968,419.50003200000003,245.499904,446.49984,0
./train/162.jpg,205.49990400000002,58.500096,252.49996800000002,91.50003199999999,0
./train/162.jpg,375.000064,177.999872,419.00032000000004,206.000128,0
./train/162.jpg,90.999808,503.00006399999995,122.999808,519.0000640000002,0
./train/162.jpg,363.500032,14.000128,414.49984,40.0,0
./train/163.jpg,270.00012799999996,64.500224,362.000384,143.50028799999998,0
./train/163.jpg,164.499968,373.499904,247.49977599999997,416.4997120000001,0
./train/163.jpg,328.500224,501.499904,365.50041600000003,522.500096,0
./train/164.jpg,297.50016,83.99974399999999,366.500352,123.99974399999999,0
./train/165.jpg,56.0,176.500224,139.99974400000002,231.50028799999998,0
./train/165.jpg,380.000256,225.50016000000002,474.000384,268.499968,0
./train/166.jpg,49.50016,321.99987200000004,138.50009599999998,376.0,0
./train/167.jpg,316.000256,431.499776,478.000128,504.499712,0
./train/168.jpg,358.00012799999996,371.999744,393.999872,509.99961600000006,0
./train/168.jpg,368.0,473.999872,387.999744,523.9997440000001,0
./train/169.jpg,137.50016000000002,259.500032,188.499968,302.49983999999995,0
./train/17.jpg,270.49984,20.499968,315.5000320000001,55.499776000000004,0
./train/170.jpg,115.99974399999999,343.499776,219.999744,442.49958399999997,0
./train/171.jpg,53.000192000000006,169.999872,104.999936,216.0,0
./train/172.jpg,14.499839999999999,31.499776,41.499648,48.499712,0
./train/172.jpg,65.999872,289.50016,97.999872,306.500096,0
./train/172.jpg,17.50016,349.499904,36.499968,362.500096,0
./train/172.jpg,69.499904,380.499968,92.49996800000001,397.499904,0
./train/172.jpg,76.00025600000001,96.999936,112.0,122.999808,0
./train/172.jpg,169.999872,176.500224,205.999616,201.50016000000002,0
./train/172.jpg,323.999744,93.499904,355.999744,112.49971200000002,0
./train/172.jpg,361.99987200000004,191.00006399999998,393.99987200000004,213.000192,0
./train/172.jpg,195.999744,279.000064,229.999616,303.000064,0
./train/172.jpg,56.999936,448.0,87.000064,472.0,0
./train/172.jpg,179.999744,417.99987200000004,211.999744,437.999616,0
./train/172.jpg,312.0,321.50016,352.0,348.499968,0
./train/172.jpg,395.500032,318.00012799999996,426.500096,330.000384,0
./train/172.jpg,446.000128,96.500224,488.0,121.50016,0
./train/172.jpg,482.500096,226.50009599999998,505.50015999999994,245.499904,0
./train/172.jpg,346.500096,389.499904,379.500032,408.4997120000001,0
./train/172.jpg,259.999744,440.0,291.999744,456.0,0
./train/172.jpg,175.499776,503.00006399999995,206.49983999999998,520.999936,0
./train/172.jpg,476.49996799999997,455.499776,517.499904,480.499712,0
./train/173.jpg,112.500224,158.000128,147.500032,186.000384,0
./train/173.jpg,188.000256,192.500224,220.000256,211.50003199999998,0
./train/173.jpg,82.999808,245.000192,116.99968,267.00032000000004,0
./train/173.jpg,17.999872,311.499776,43.999744,330.49958399999997,0
./train/173.jpg,16.0,384.500224,46.000128,403.500032,0
./train/173.jpg,131.999744,306.99980800000003,171.999744,322.99980800000003,0
./train/173.jpg,154.50009599999998,408.0,185.50016,432.0,0
./train/173.jpg,80.500224,476.000256,117.50041599999999,500.000256,0
./train/173.jpg,242.50009599999998,306.99980800000003,273.50016,332.99968,0
./train/173.jpg,276.499968,432.0,309.499904,456.0,0
./train/173.jpg,346.500096,120.500224,365.499904,135.50028799999998,0
./train/173.jpg,323.999744,194.999808,353.9998720000001,220.99967999999998,0
./train/174.jpg,223.49977599999997,185.50016000000002,290.49958399999997,220.49996800000002,0
./train/175.jpg,150.000128,496.0,188.000256,512.0,0
./train/175.jpg,367.499776,453.499904,410.49958399999997,476.49996799999997,0
./train/176.jpg,36.499968,101.000192,85.499904,127.000064,0
./train/176.jpg,444.49996799999997,457.999872,461.499904,481.999872,0
./train/177.jpg,168.500224,13.000192,199.50028799999998,31.000064,0
./train/177.jpg,13.499904,74.999808,34.500096,94.99955200000001,0
./train/178.jpg,214.000128,37.499904,312.0,78.49984,0
./train/178.jpg,225.50016000000002,218.50009599999998,298.500096,249.50016,0
./train/179.jpg,87.499776,256.999936,256.499712,330.99980800000003,0
./train/179.jpg,385.99987200000004,347.500032,451.999744,384.500224,0
./train/179.jpg,476.49996799999997,384.999936,545.5001599999999,426.99980800000003,0
./train/179.jpg,73.50016,378.500096,212.49996800000002,461.499904,0
./train/18.jpg,201.50016000000002,120.999936,226.500096,156.99968,0
./train/18.jpg,305.50016,64.500224,338.500096,105.50016000000001,0
./train/18.jpg,262.00012799999996,120.500224,408.0,215.50028799999998,0
./train/180.jpg,97.50016,306.500096,200.500224,331.500032,0
./train/180.jpg,242.50009599999998,297.50016,343.500288,320.500224,0
./train/180.jpg,245.000192,344.500224,293.000192,361.50016,0
./train/180.jpg,16.500224,16.500224,33.50016,31.500288,0
./train/180.jpg,34.999808,76.00025600000001,56.99993600000001,94.000128,0
./train/180.jpg,134.000128,108.00025600000001,176.0,128.0,0
./train/180.jpg,213.49990400000002,70.49984,246.49984,85.499904,0
./train/180.jpg,282.99980800000003,20.499968,298.99980800000003,29.499903999999997,0
./train/180.jpg,363.500032,6.49984,392.500224,17.499648,0
./train/180.jpg,344.0,88.500224,374.00012799999996,105.50016,0
./train/180.jpg,498.99980800000003,40.0,524.99968,57.999872,0
./train/181.jpg,57.50016,170.999808,92.49996800000001,186.999808,0
./train/182.jpg,161.999872,496.500224,235.999744,527.500288,0
./train/183.jpg,378.500096,93.499904,447.500288,114.500096,0
./train/184.jpg,303.000064,165.000192,363.00032000000004,199.00006399999998,0
./train/185.jpg,39.499776000000004,262.49984,104.499712,301.499904,0
./train/185.jpg,431.499776,435.999744,510.49984000000006,477.999616,0
./train/186.jpg,58.999807999999994,478.000128,92.99968,536.0,0
./train/187.jpg,393.50016,161.50016000000002,482.500096,180.499968,0
./train/187.jpg,484.49996799999997,158.000128,539.500032,177.99987199999995,0
./train/187.jpg,235.50003199999998,240.0,306.500096,257.99987200000004,0
./train/187.jpg,325.00019199999997,234.999808,369.000448,248.999936,0
./train/187.jpg,63.499776000000004,249.50016000000002,102.49984,262.500352,0
./train/187.jpg,231.49977599999997,275.999744,296.499712,293.999616,0
./train/187.jpg,346.99980800000003,270.49984,388.99968,281.499648,0
./train/187.jpg,479.00006399999995,285.00019199999997,543.0000640000002,336.99993600000005,0
./train/187.jpg,247.49977599999997,343.000064,296.499712,355.00032000000004,0
./train/187.jpg,303.499776,340.499968,364.499968,353.50016000000005,0
./train/187.jpg,269.00019199999997,373.00019199999997,352.99993600000005,383.000064,0
./train/187.jpg,362.99980800000003,368.999936,386.99980800000003,383.000064,0
./train/187.jpg,448.0,361.99987200000004,497.999872,374.000128,0
./train/187.jpg,497.999872,359.000064,526.000128,373.00019199999997,0
./train/188.jpg,293.00019199999997,108.00025600000001,373.00019199999997,158.000128,0
./train/188.jpg,393.50016,61.000192000000006,468.499968,112.999936,0
./train/188.jpg,444.49996799999997,112.500224,509.499904,153.50016000000002,0
./train/188.jpg,382.49984,147.500032,431.499776,184.500224,0
./train/188.jpg,335.000064,163.999744,359.000064,176.0,0
./train/188.jpg,435.999744,256.999936,457.999872,290.99980800000003,0
./train/188.jpg,398.00012799999996,241.999872,440.0,281.99987200000004,0
./train/188.jpg,489.999872,293.00019199999997,534.000128,343.000064,0
./train/188.jpg,96.0,243.50003199999998,174.00012800000005,274.500096,0
./train/189.jpg,286.49984,121.999872,449.49964800000004,147.999744,0
./train/189.jpg,334.49984,87.499776,359.499776,122.49958400000001,0
./train/19.jpg,57.50016,475.50003200000003,86.50035199999998,542.4998400000001,0
./train/190.jpg,201.50016000000002,115.500032,406.500352,152.500224,0
./train/191.jpg,147.999744,117.000192,263.999488,139.00032,0
./train/192.jpg,70.000128,102.49984,110.000128,219.50003199999998,0
./train/192.jpg,446.49984000000006,173.49990400000002,577.4996480000001,202.500096,0
./train/193.jpg,86.49984,172.499968,225.499648,191.499776,0
./train/193.jpg,370.500096,156.499968,409.50016,205.49990400000002,0
./train/193.jpg,394.99980800000003,107.500032,414.999552,178.50009599999996,0
./train/193.jpg,420.49996799999997,206.000128,441.50016000000005,260.000256,0
./train/193.jpg,461.00019199999997,22.49984,533.000192,37.499904,0
./train/194.jpg,22.49984,148.499968,63.499776000000004,159.499776,0
./train/194.jpg,264.0,104.0,286.00012799999996,120.0,0
./train/194.jpg,216.50022400000003,105.50016000000001,241.50016000000002,130.50009599999998,0
./train/195.jpg,364.499968,325.499904,563.500032,380.499968,0
./train/196.jpg,159.00006399999998,275.999744,349.000192,325.999616,0
./train/197.jpg,156.000256,417.50016,242.000384,442.500096,0
./train/197.jpg,61.000192000000006,386.500096,121.00044799999999,413.499904,0
./train/197.jpg,184.500224,277.499904,237.500416,296.4997120000001,0
./train/197.jpg,101.499904,277.499904,158.49983999999998,292.499968,0
./train/197.jpg,38.000128000000004,276.499968,76.00025600000001,285.499904,0
./train/198.jpg,359.000064,124.499968,384.999936,253.49990400000002,0
./train/198.jpg,363.500032,382.00012799999996,390.49984,490.000384,0
./train/199.jpg,214.49983999999998,432.0,339.5000320000001,499.999744,0
./train/199.jpg,44.499968,371.500032,121.50016000000001,426.500096,0
./train/2.jpg,372.499968,321.99987200000004,569.5001599999999,369.99987200000004,0
./train/20.jpg,82.500096,389.00019199999997,163.500032,472.99993600000005,0
./train/20.jpg,164.499968,309.00019199999997,211.50003199999998,351.000064,0
./train/20.jpg,195.500032,273.99987200000004,226.50009599999998,313.99987200000004,0
./train/20.jpg,236.49996800000002,230.000128,289.50016,284.000256,0
./train/20.jpg,362.500096,129.50016000000002,395.500032,164.499968,0
./train/200.jpg,474.500096,136.500224,521.5001599999998,181.500416,0
./train/201.jpg,133.000192,117.499904,385.000448,178.50009599999996,0
./train/202.jpg,159.499776,176.500224,310.49984,205.500416,0
./train/202.jpg,320.999936,173.49990400000002,367.000064,196.499968,0
./train/202.jpg,448.500224,174.000128,575.500288,198.000128,0
./train/202.jpg,64.999936,81.50016,87.00006400000002,230.500352,0
./train/203.jpg,377.50016,398.00012799999996,458.500096,442.000384,0
./train/204.jpg,53.499904,320.0,118.49983999999999,377.99987200000004,0
./train/204.jpg,232.0,335.499776,320.0,374.49984,0
./train/204.jpg,379.500032,335.499776,468.499968,360.499712,0
./train/204.jpg,125.000192,460.000256,201.000448,502.000128,0
./train/205.jpg,342.49984,435.999744,433.49964800000004,483.999744,0
./train/205.jpg,460.000256,496.99993600000005,548.0002559999999,527.000064,0
./train/206.jpg,295.499776,297.99987200000004,396.499968,337.99987200000004,0
./train/206.jpg,224.50022400000003,416.0,319.500288,457.999872,0
./train/206.jpg,418.99980800000003,336.0,504.99993600000005,398.00012799999996,0
./train/206.jpg,34.999808,389.00019199999997,102.999552,465.00044800000006,0
./train/207.jpg,129.50016000000002,307.500032,248.50022400000003,362.500096,0
./train/207.jpg,271.000064,232.999936,367.000064,266.99980800000003,0
./train/208.jpg,391.499776,109.499904,430.49984000000006,178.50009599999996,0
./train/209.jpg,285.499904,32.0,370.500096,94.000128,0
./train/21.jpg,420.49996799999997,80.999936,603.500032,240.999936,0
./train/210.jpg,254.49983999999998,406.00012799999996,297.499648,452.000256,0
./train/210.jpg,174.49983999999998,391.499776,221.499904,428.499968,0
./train/211.jpg,278.00012799999996,287.000064,382.00012799999996,331.00032000000004,0
./train/211.jpg,297.50016,275.500032,366.500352,308.499968,0
./train/211.jpg,301.00019199999997,262.49984,384.99993600000005,307.5000320000001,0
./train/212.jpg,185.50016000000002,355.999744,264.500224,373.999616,0
./train/212.jpg,186.999808,339.999744,279.000064,361.999872,0
./train/213.jpg,398.49984,189.49990400000002,495.499776,218.500096,0
./train/213.jpg,405.499904,207.499776,480.4997120000001,232.49971200000002,0
./train/213.jpg,412.000256,231.000064,520.000512,256.999936,0
./train/214.jpg,101.499904,309.499904,152.49971200000002,360.4997120000001,0
./train/214.jpg,140.000256,275.999744,176.0,317.999616,0
./train/215.jpg,43.500032,137.50016000000002,120.500224,170.50009599999996,0
./train/215.jpg,215.49977599999997,110.000128,240.49971200000002,142.00012800000005,0
./train/216.jpg,43.500032,120.500224,90.500096,243.50003199999998,0
./train/217.jpg,161.999872,401.99987200000004,235.999744,517.9996160000001,0
./train/217.jpg,243.50003199999998,280.500224,346.500096,397.50041600000003,0
./train/217.jpg,307.999744,203.500032,352.0,254.49983999999998,0
./train/217.jpg,458.99980800000003,325.00019199999997,536.9999359999998,531.00032,0
./train/218.jpg,181.000192,63.499776000000004,227.00032000000002,158.49983999999998,0
./train/219.jpg,416.0,192.500224,537.999872,439.500288,0
./train/22.jpg,223.000064,373.00019199999997,370.999808,515.00032,0
./train/22.jpg,423.499776,281.50016,470.49984000000006,336.500224,0
./train/220.jpg,152.0,316.499968,267.999744,577.5001599999999,0
./train/221.jpg,368.0,457.999872,435.999744,561.999872,0
./train/222.jpg,133.000192,474.99980800000003,197.000192,548.99968,0
./train/222.jpg,193.50016000000002,373.499904,264.500224,488.4997120000001,0
./train/222.jpg,262.49984,237.49990400000002,341.499904,364.499968,0
./train/222.jpg,64.999936,136.0,144.99993600000002,265.99987200000004,0
./train/222.jpg,40.500223999999996,125.499904,99.50003199999999,226.500096,0
./train/223.jpg,432.0,420.49996799999997,518.000128,453.499904,0
./train/224.jpg,195.999744,338.99980800000003,283.999744,380.99968,0
./train/224.jpg,133.000192,446.49984000000006,215.000064,471.499776,0
./train/224.jpg,316.499968,328.999936,411.500032,373.000192,0
./train/224.jpg,37.499904,344.999936,110.49983999999999,400.999936,0
./train/225.jpg,156.000256,334.49984,222.000128,359.499776,0
./train/225.jpg,147.999744,236.49996800000002,229.999616,277.499904,0
./train/225.jpg,360.500224,344.999936,443.500032,373.000192,0
./train/225.jpg,346.99980800000003,464.0,424.99993600000005,494.000128,0
./train/225.jpg,131.999744,496.99993600000005,215.999488,519.000064,0
./train/226.jpg,136.500224,351.000064,237.500416,383.000064,0
./train/226.jpg,479.00006399999995,258.99980800000003,544.999936,292.99968,0
./train/226.jpg,200.99993600000002,419.999744,290.99980800000003,459.999744,0
./train/226.jpg,422.49984000000006,400.500224,495.499776,437.50041600000003,0
./train/227.jpg,122.500096,345.99987200000004,217.50016000000002,409.99987200000004,0
./train/228.jpg,310.00012799999996,262.49984,388.000256,315.5000320000001,0
./train/228.jpg,304.999936,281.99987200000004,402.99980800000003,328.0,0
./train/228.jpg,299.500032,299.500032,374.49984,340.499968,0
./train/229.jpg,58.500096,361.99987200000004,101.499904,384.0,0
./train/229.jpg,98.500096,354.500096,143.50028799999998,387.500032,0
./train/229.jpg,172.000256,355.500032,266.000384,398.49984,0
./train/229.jpg,254.49983999999998,353.99987200000004,299.5000320000001,376.0,0
./train/23.jpg,113.50016000000001,207.499776,226.500096,234.499584,0
./train/23.jpg,110.49983999999999,177.999872,167.499776,200.0,0
./train/23.jpg,159.00006399999998,174.000128,203.00032,198.000128,0
./train/23.jpg,385.99987200000004,153.50016000000002,424.0,176.500224,0
./train/23.jpg,437.00019199999997,159.00006399999998,488.99993600000005,183.00006399999998,0
./train/23.jpg,489.50015999999994,155.500032,534.5003519999999,182.49983999999998,0
./train/23.jpg,459.50003200000003,193.50016000000002,564.499968,222.500352,0
./train/23.jpg,466.99980800000003,207.499776,556.99968,228.49996800000002,0
./train/23.jpg,465.999872,224.0,558.000128,254.000128,0
./train/230.jpg,164.499968,201.999872,245.499904,230.000128,0
./train/230.jpg,376.0,181.000192,465.999872,213.000192,0
./train/230.jpg,378.99980800000003,195.999744,450.99980800000003,219.999744,0
./train/230.jpg,381.00019199999997,209.50016000000002,473.00044800000006,240.50022400000003,0
./train/230.jpg,391.499776,227.50003199999998,486.49984000000006,258.500096,0
./train/231.jpg,26.999808,236.49996800000002,78.99955200000001,369.50016,0
./train/231.jpg,48.999936,111.499776,100.99968,246.49983999999998,0
./train/232.jpg,129.999872,470.49984000000006,195.999744,553.4996480000001,0
./train/232.jpg,184.0,367.000064,254.000128,472.99993600000005,0
./train/232.jpg,273.99987200000004,254.000128,382.000128,382.00012799999996,0
./train/232.jpg,488.0,272.500224,532.0002559999999,389.50041600000003,0
./train/233.jpg,421.00019199999997,190.000128,531.00032,420.000256,0
./train/234.jpg,373.499904,460.49996799999997,446.49984000000006,563.500032,0
./train/235.jpg,209.50016000000002,246.49983999999998,288.500224,355.5000320000001,0
./train/235.jpg,225.999872,256.0,304.0,360.0,0
./train/235.jpg,255.49977599999997,261.00019199999997,328.499712,376.99993600000005,0
./train/236.jpg,274.500096,211.999744,367.500288,293.999616,0
./train/237.jpg,355.999744,208.500224,419.999744,261.50041600000003,0
./train/237.jpg,77.499904,86.49984,146.50009599999996,129.499648,0
./train/237.jpg,104.999936,136.0,140.99968,171.999744,0
./train/238.jpg,154.999808,391.499776,254.999552,466.49958399999997,0
./train/238.jpg,342.00012799999996,440.99993600000005,434.000384,506.99980800000003,0
./train/239.jpg,234.50009599999998,359.000064,335.500288,413.00019199999997,0
./train/239.jpg,152.99993600000002,442.500096,242.999808,507.50003200000003,0
./train/24.jpg,179.999744,184.99993600000002,251.999744,210.999808,0
./train/240.jpg,128.500224,352.0,205.500416,387.999744,0
./train/241.jpg,177.50016000000002,397.499904,224.50022400000003,438.49984000000006,0
./train/241.jpg,237.000192,384.0,277.000192,430.000128,0
./train/242.jpg,311.499776,300.499968,400.499712,355.5000320000001,0
./train/242.jpg,223.000064,297.50016,293.00019199999997,336.500224,0
./train/243.jpg,188.499968,352.0,279.499776,396.000256,0
./train/243.jpg,56.999936,339.500032,111.000064,398.49984,0
./train/243.jpg,114.500096,345.99987200000004,163.500032,400.0,0
./train/244.jpg,403.999744,195.999744,509.999616,227.999744,0
./train/244.jpg,416.999936,211.999744,519.000064,235.999744,0
./train/244.jpg,410.500096,226.50009599999998,497.50015999999994,245.499904,0
./train/244.jpg,423.499776,240.999936,518.4998400000001,260.99967999999996,0
./train/244.jpg,95.000064,314.99980800000003,162.999808,362.99980800000003,0
./train/245.jpg,436.49996799999997,359.000064,477.499904,463.00006399999995,0
./train/245.jpg,255.49977599999997,179.999744,306.49958399999997,205.999616,0
./train/245.jpg,479.499776,267.500032,518.4998400000001,320.500224,0
./train/245.jpg,466.99980800000003,281.99987200000004,508.99968,342.000128,0
./train/246.jpg,251.50003199999998,249.50016000000002,346.500096,358.500352,0
./train/246.jpg,343.499776,168.500224,428.499968,267.50003200000003,0
./train/246.jpg,473.999872,17.50016,512.0,50.500096,0
./train/246.jpg,112.999936,352.0,162.999808,387.999744,0
./train/246.jpg,104.0,304.500224,145.999872,347.5000320000001,0
./train/246.jpg,177.50016000000002,237.49990400000002,218.500096,292.499968,0
./train/247.jpg,267.500032,266.500096,430.49984,443.50003200000003,0
./train/248.jpg,117.499904,112.500224,208.49971200000002,169.50016000000002,0
./train/248.jpg,181.49990400000002,70.49984,228.49996800000002,187.500032,0
./train/249.jpg,354.500096,222.49983999999998,447.500288,461.499904,0
./train/249.jpg,214.49983999999998,29.499903999999997,335.499776,86.49984,0
./train/25.jpg,198.49983999999998,209.50016000000002,311.499776,238.500352,0
./train/25.jpg,200.99993600000002,228.49996800000002,290.99980800000003,257.50016,0
./train/25.jpg,202.999808,244.49996800000002,314.9998080000001,281.50016,0
./train/25.jpg,67.99974399999999,224.50022400000003,201.999872,261.50041600000003,0
./train/25.jpg,398.49984,168.0,443.500032,190.000128,0
./train/25.jpg,61.499904,194.999808,102.49984,216.999936,0
./train/250.jpg,29.499903999999997,159.499776,86.49984,272.499712,0
./train/250.jpg,261.499904,246.000128,408.4997120000001,486.000128,0
./train/250.jpg,163.999744,440.500224,224.0,531.500032,0
./train/250.jpg,329.50016,62.000128000000004,406.500352,182.000128,0
./train/250.jpg,353.50016,74.500096,422.50035199999996,183.50028799999998,0
./train/251.jpg,62.000128000000004,396.000256,94.000128,440.000512,0
./train/252.jpg,50.500096,255.49977599999997,79.500288,288.499712,0
./train/252.jpg,430.000128,93.499904,465.999872,124.499968,0
./train/253.jpg,311.000064,22.49984,394.999808,51.500032,0
./train/254.jpg,340.499968,153.50016000000002,455.499776,230.500352,0
./train/254.jpg,223.000064,298.500096,256.999936,353.50016,0
./train/254.jpg,206.000128,253.000192,252.000256,272.999936,0
./train/255.jpg,288.999936,290.500096,448.99993600000005,327.5002879999999,0
./train/255.jpg,129.50016000000002,294.49984,268.499968,331.5000320000001,0
./train/255.jpg,138.50009599999998,162.999808,301.499904,207.00006399999998,0
./train/255.jpg,437.499904,287.000064,570.500096,317.00019199999997,0
./train/255.jpg,233.999872,495.00006399999995,401.99987200000004,528.999936,0
./train/255.jpg,408.999936,489.50015999999994,570.999808,524.499968,0
./train/256.jpg,367.499776,130.999808,454.49984000000006,172.99968,0
./train/257.jpg,99.50003199999999,121.999872,172.49996800000002,147.999744,0
./train/257.jpg,194.999808,127.499776,216.999936,150.49983999999998,0
./train/258.jpg,144.500224,288.500224,271.500288,321.50016,0
./train/258.jpg,273.50016,288.0,394.500096,316.000256,0
./train/258.jpg,215.49977599999997,153.50016000000002,380.499968,198.500352,0
./train/258.jpg,88.500224,493.499904,229.500416,530.500096,0
./train/259.jpg,267.500032,119.000064,346.500096,239.000064,0
./train/26.jpg,478.000128,131.500032,526.000128,182.49983999999998,0
./train/260.jpg,234.50009599999998,101.499904,299.5000320000001,170.50009599999996,0
./train/261.jpg,135.00006399999998,166.000128,298.9998080000001,208.0,0
./train/261.jpg,130.999808,294.49984,268.99967999999996,329.499648,0
./train/261.jpg,287.499776,289.50016,448.499712,324.499968,0
./train/261.jpg,438.000128,287.000064,572.0002559999999,322.9998080000001,0
./train/261.jpg,235.50003199999998,495.499776,400.500224,528.499712,0
./train/261.jpg,412.000256,489.50015999999994,574.000128,534.5003519999999,0
./train/262.jpg,99.50003199999999,121.50016000000001,180.499968,150.500352,0
./train/27.jpg,57.50016,287.000064,92.49996800000001,317.00019199999997,0
./train/27.jpg,325.00019199999997,393.99987200000004,513.000448,473.999872,0
./train/28.jpg,168.500224,457.50015999999994,191.50028799999998,500.499968,0
./train/28.jpg,194.50009599999998,314.99980800000003,219.50003199999998,348.99968,0
./train/29.jpg,175.499776,121.50016000000001,354.49958399999997,152.500224,0
./train/3.jpg,274.500096,147.500032,363.500032,210.50009599999998,0
./train/3.jpg,352.0,185.999872,412.000256,232.0,0
./train/3.jpg,419.999744,214.49983999999998,493.999616,267.50003200000003,0
./train/3.jpg,26.500096000000003,330.500096,77.499904,359.5002879999999,0
./train/30.jpg,167.499776,417.50016,270.49984,526.5003519999999,0
./train/30.jpg,256.500224,315.500032,331.5000320000001,382.49984,0
./train/31.jpg,209.50016000000002,340.499968,306.500096,397.499904,0
./train/31.jpg,464.500224,110.000128,523.500032,176.0,0
./train/32.jpg,297.99987200000004,112.0,381.999616,152.0,0
./train/32.jpg,380.499968,170.999808,511.499776,196.99968,0
./train/32.jpg,390.49984,195.999744,495.499776,224.0,0
./train/32.jpg,359.000064,215.000064,408.999936,237.000192,0
./train/32.jpg,426.500096,222.49983999999998,451.50003200000003,265.499648,0
./train/33.jpg,65.50016,114.500096,118.500352,133.49990400000002,0
./train/33.jpg,147.500032,102.000128,216.50022400000003,126.000128,0
./train/33.jpg,147.500032,118.49983999999999,222.49983999999998,139.500032,0
./train/33.jpg,215.49977599999997,115.500032,284.499968,140.499968,0
./train/33.jpg,186.999808,158.49983999999998,359.000064,191.499776,0
./train/33.jpg,195.500032,183.00006399999998,344.500224,211.00032,0
./train/33.jpg,489.50015999999994,333.00019199999997,524.499968,365.00019199999997,0
./train/34.jpg,275.500032,277.00019199999997,304.500224,296.99993600000005,0
./train/34.jpg,143.499776,185.999872,266.49958399999997,211.999744,0
./train/34.jpg,129.999872,157.000192,200.0,173.000192,0
./train/34.jpg,127.499776,145.50016000000002,198.49983999999998,162.50009599999996,0
./train/34.jpg,17.999872,163.999744,51.99974400000001,181.999616,0
./train/35.jpg,90.500096,16.999935999999998,147.500032,34.999808,0
./train/36.jpg,152.500224,270.00012799999996,319.500288,308.0002560000001,0
./train/36.jpg,376.500224,223.000064,645.5004160000002,312.999936,0
./train/37.jpg,364.499968,218.999808,477.499904,250.999808,0
./train/37.jpg,373.499904,252.000256,580.4999680000002,296.000512,0
./train/38.jpg,104.999936,259.999744,229.000192,285.999616,0
./train/38.jpg,229.49990400000002,256.999936,352.499712,288.999936,0
./train/38.jpg,348.499968,216.999936,431.499776,250.999808,0
./train/38.jpg,370.500096,240.50022400000003,487.500288,285.50041600000003,0
./train/39.jpg,178.999808,240.999936,214.999552,266.99980800000003,0
./train/39.jpg,182.49983999999998,256.999936,267.50003200000003,285.000192,0
./train/39.jpg,189.000192,273.99987200000004,271.000064,297.99987200000004,0
./train/39.jpg,251.50003199999998,243.999744,294.49984,263.999488,0
./train/39.jpg,261.00019199999997,257.50016,315.0003200000001,278.500352,0
./train/39.jpg,326.00012799999996,260.499968,374.00012799999996,287.499776,0
./train/39.jpg,376.999936,235.50003199999998,400.999936,288.500224,0
./train/39.jpg,455.00006399999995,263.000064,487.00006399999995,288.999936,0
./train/4.jpg,395.500032,128.500224,496.500224,197.500416,0
./train/4.jpg,226.999808,57.999871999999996,320.999936,109.99961599999999,0
./train/4.jpg,78.49984,22.49984,177.499648,65.49964800000001,0
./train/4.jpg,297.99987200000004,418.99980800000003,384.0,470.99955199999994,0
./train/4.jpg,202.50009599999998,465.50015999999994,303.500288,528.500224,0
./train/40.jpg,365.00019199999997,255.000064,411.00032,306.9998080000001,0
./train/41.jpg,64.500224,66.999808,87.500288,180.99968,0
./train/41.jpg,141.49990400000002,171.500032,276.499968,198.49983999999998,0
./train/41.jpg,426.500096,162.999808,597.499904,198.999552,0
./train/41.jpg,262.49984,177.999872,339.5000320000001,200.0,0
./train/41.jpg,57.50016,161.999872,70.500352,203.999744,0
./train/42.jpg,124.00025600000001,170.50009599999998,262.00012799999996,197.499904,0
./train/42.jpg,302.49984,174.000128,443.500032,200.0,0
./train/42.jpg,394.99980800000003,105.999872,412.99968,171.999744,0
./train/43.jpg,113.50016000000001,393.50016,292.499968,504.500224,0
./train/44.jpg,160.99993600000002,238.000128,343.00006399999995,420.000256,0
./train/45.jpg,412.000256,190.49983999999998,462.000128,215.49977599999997,0
./train/46.jpg,46.49984,143.00006399999998,113.499648,157.000192,0
./train/46.jpg,216.999936,112.500224,247.000064,133.500416,0
./train/47.jpg,98.999808,353.99987200000004,218.999808,401.99987200000004,0
./train/47.jpg,266.99980800000003,142.49983999999998,330.99980800000003,167.499776,0
./train/48.jpg,197.49990400000002,201.50016000000002,342.49983999999995,248.50022400000003,0
./train/48.jpg,190.000128,186.50009599999998,326.00012799999996,223.50028799999998,0
./train/48.jpg,183.00006399999998,163.500032,320.99993600000005,192.500224,0
./train/48.jpg,44.000256,170.50009599999998,130.000384,201.50016,0
./train/48.jpg,118.000128,122.500096,190.000128,149.49990400000004,0
./train/48.jpg,193.999872,116.499968,261.999616,143.499776,0
./train/48.jpg,61.499904,113.999872,116.499968,136.0,0
./train/49.jpg,167.00006399999998,231.49977599999997,237.00019200000003,252.49996800000002,0
./train/49.jpg,163.500032,219.50003199999998,234.500096,238.49983999999998,0
./train/49.jpg,160.0,208.99993600000002,225.999872,226.999808,0
./train/49.jpg,138.999808,192.99993600000002,263.000064,221.000192,0
./train/49.jpg,344.0,478.000128,392.0,504.0,0
./train/5.jpg,173.000192,281.99987200000004,447.000064,360.0,0
./train/50.jpg,230.49983999999998,277.00019199999997,443.500032,355.0003200000001,0
./train/50.jpg,189.000192,437.00019199999997,223.000064,483.00032,0
./train/50.jpg,472.500224,448.99993600000005,543.500288,493.000192,0
./train/51.jpg,96.500224,255.49977599999997,231.50028799999998,294.49984,0
./train/51.jpg,77.000192,242.50009599999998,115.00032,265.50016,0
./train/51.jpg,192.500224,274.99980800000003,255.50028799999998,300.99968,0
./train/51.jpg,93.000192,275.999744,199.00006399999998,305.9998720000001,0
./train/51.jpg,378.99980800000003,228.49996800000002,644.9996799999999,323.500032,0
./train/52.jpg,46.49984,275.500032,85.499904,290.500096,0
./train/52.jpg,100.49996800000001,272.0,139.500032,291.999744,0
./train/52.jpg,275.999744,267.500032,395.999744,300.499968,0
./train/52.jpg,393.50016,241.999872,526.5003519999999,272.0,0
./train/52.jpg,396.499968,264.0,511.499776,299.999744,0
./train/53.jpg,207.499776,216.50022400000003,372.499968,259.50003200000003,0
./train/53.jpg,167.00006399999998,250.50009599999998,375.000064,297.50016,0
./train/53.jpg,346.99980800000003,239.000064,468.99968,272.999936,0
./train/53.jpg,351.000064,262.00012799999996,475.00032000000004,288.0,0
./train/54.jpg,243.999744,125.000192,333.999616,160.99993600000002,0
./train/54.jpg,93.000192,255.49977599999997,139.00032,290.49958399999997,0
./train/54.jpg,188.499968,261.00019199999997,265.50016,287.000064,0
./train/54.jpg,184.500224,280.999936,271.500288,306.99980800000003,0
./train/54.jpg,255.49977599999997,233.50016000000002,310.49984,260.499968,0
./train/54.jpg,262.49984,256.500224,317.499904,285.50041600000003,0
./train/54.jpg,327.000064,262.00012799999996,376.999936,284.0002560000001,0
./train/55.jpg,200.99993600000002,278.00012799999996,501.000192,380.000256,0
./train/56.jpg,269.499904,437.00019199999997,318.49984,487.00006399999995,0
./train/56.jpg,256.999936,448.500224,322.99980800000003,511.500288,0
./train/56.jpg,239.000064,452.49996799999997,283.00032000000004,499.500032,0
./train/57.jpg,167.00006399999998,360.0,346.9998080000001,430.000128,0
./train/57.jpg,45.000192,373.499904,93.000192,394.500096,0
./train/57.jpg,97.999872,446.49984000000006,224.0,483.500032,0
./train/57.jpg,298.99980800000003,252.000256,348.99968,280.000512,0
./train/57.jpg,285.00019199999997,314.500096,335.000064,339.500032,0
./train/57.jpg,192.500224,99.50003199999999,395.500032,154.50009599999998,0
./train/57.jpg,372.499968,445.499904,651.500032,518.4998400000002,0
./train/58.jpg,231.49977599999997,450.99980800000003,542.4998400000001,514.999808,0
./train/58.jpg,458.99980800000003,465.50015999999994,564.99968,508.499968,0
./train/59.jpg,34.999808,85.000192,96.999936,109.000192,0
./train/59.jpg,150.49983999999998,62.49984,215.49977599999997,79.499776,0
./train/59.jpg,48.0,195.999744,118.000128,215.999488,0
./train/59.jpg,40.0,210.999808,118.000128,230.999552,0
./train/59.jpg,137.50016000000002,211.50003199999998,270.500352,238.49983999999998,0
./train/59.jpg,138.50009599999998,241.50016000000002,237.499904,270.500352,0
./train/59.jpg,58.999807999999994,278.49984,114.999808,321.499648,0
./train/6.jpg,70.000128,384.999936,150.00012800000005,404.99967999999996,0
./train/6.jpg,169.999872,376.999936,273.99987200000004,399.000064,0
./train/6.jpg,86.49984,448.500224,145.499648,473.50015999999994,0
./train/6.jpg,38.49984,493.00019199999997,77.499904,507.00032,0
./train/6.jpg,147.999744,253.000192,203.999744,265.000448,0
./train/6.jpg,49.50016,252.000256,82.500096,266.000384,0
./train/6.jpg,88.500224,252.49996800000002,121.50016000000001,263.499776,0
./train/60.jpg,424.500224,204.000256,465.50015999999994,360.000512,0
./train/60.jpg,430.000128,372.499968,456.0,429.499904,0
./train/60.jpg,434.99980800000003,486.000128,450.99980800000003,532.0002559999999,0
./train/60.jpg,448.99993600000005,482.99980800000003,464.99993600000005,540.99968,0
./train/60.jpg,463.499776,486.000128,480.499712,537.999872,0
./train/61.jpg,104.0,404.499968,185.999872,431.499776,0
./train/61.jpg,112.0,422.49984000000006,188.000256,447.499776,0
./train/62.jpg,88.999936,245.000192,170.999808,293.000192,0
./train/62.jpg,168.500224,274.500096,263.500288,331.500032,0
./train/62.jpg,206.49983999999998,358.00012799999996,255.49977599999997,436.000256,0
./train/62.jpg,85.000192,394.99980800000003,253.000192,494.99955199999994,0
./train/63.jpg,205.49990400000002,264.500224,510.49984,351.500288,0
./train/64.jpg,166.000128,96.0,384.0,204.000256,0
./train/64.jpg,88.999936,214.49983999999998,239.000064,291.5000320000001,0
./train/64.jpg,331.500032,307.500032,514.500096,400.500224,0
./train/64.jpg,105.999872,400.500224,192.0,431.500288,0
./train/64.jpg,48.500223999999996,396.499968,81.50016,409.50016000000005,0
./train/65.jpg,384.500224,161.50016000000002,587.500032,208.500224,0
./train/65.jpg,296.500224,220.49996800000002,337.50016,267.500032,0
./train/65.jpg,289.99987200000004,258.500096,307.999744,297.50016,0
./train/65.jpg,289.50016,291.999744,308.499968,325.999616,0
./train/65.jpg,390.00012799999996,298.99980800000003,564.0002559999999,348.99968,0
./train/66.jpg,72.999936,153.999872,216.999936,195.999744,0
./train/66.jpg,274.99980800000003,150.000128,472.99993599999993,208.0,0
./train/66.jpg,397.499904,421.499904,442.500096,602.500096,0
./train/67.jpg,321.99987200000004,226.50009599999998,385.99987200000004,341.499904,0
./train/68.jpg,399.000064,145.50016000000002,448.99993600000005,356.499968,0
./train/68.jpg,145.999872,479.00006399999995,203.999744,504.99993600000005,0
./train/68.jpg,21.499904,481.999872,62.49984,521.999872,0
./train/68.jpg,226.999808,478.49984000000006,258.99980800000003,505.49964800000004,0
./train/69.jpg,321.50016,334.49984,520.500224,397.499904,0
./train/7.jpg,219.50003199999998,288.500224,352.500224,381.50041600000003,0
./train/7.jpg,99.50003199999999,234.50009599999998,212.499968,307.5000320000001,0
./train/70.jpg,408.999936,309.499904,549.000192,346.500096,0
./train/70.jpg,289.99987200000004,224.0,321.99987200000004,265.99987200000004,0
./train/70.jpg,295.499776,262.00012799999996,328.499712,306.000384,0
./train/70.jpg,416.500224,166.49983999999998,607.500288,223.49977599999997,0
./train/71.jpg,269.00019199999997,156.000256,475.00032000000004,202.000384,0
./train/71.jpg,319.000064,327.499776,415.000064,358.49984,0
./train/71.jpg,389.499904,398.49984,420.49996799999997,513.4996480000001,0
./train/71.jpg,383.000064,64.500224,418.999808,153.50016000000002,0
./train/72.jpg,200.0,280.0,446.000128,344.0,0
./train/72.jpg,102.000128,440.99993600000005,153.999872,469.000192,0
./train/72.jpg,112.999936,498.500096,162.999808,525.499904,0
./train/72.jpg,183.499776,494.49984000000006,210.499584,519.499776,0
./train/72.jpg,289.50016,499.50003200000003,336.500224,522.500096,0
./train/72.jpg,401.99987200000004,128.500224,449.999872,371.500032,0
./train/73.jpg,159.499776,361.50016,362.49958399999997,414.500352,0
./train/74.jpg,451.999744,463.00006399999995,491.999744,560.999936,0
./train/74.jpg,387.500032,13.000192,444.499968,37.000192,0
./train/75.jpg,73.50016,277.499904,130.50009599999998,292.499968,0
./train/75.jpg,58.500096,382.00012799999996,113.50016000000001,408.0,0
./train/75.jpg,144.99993600000002,380.000256,256.999936,408.000512,0
./train/75.jpg,157.49990400000002,417.99987200000004,248.49971200000002,437.999616,0
./train/75.jpg,79.000064,444.49996799999997,130.999808,465.50016000000005,0
./train/76.jpg,146.50009599999998,130.50009599999998,403.500032,265.50016000000005,0
./train/76.jpg,241.50016000000002,256.999936,264.500224,303.000064,0
./train/76.jpg,359.499776,448.0,388.499968,574.000128,0
./train/77.jpg,243.999744,440.0,432.0,537.999872,0
./train/77.jpg,432.99993600000005,487.499776,584.9999359999998,536.499712,0
./train/78.jpg,143.499776,112.500224,426.499584,159.50028799999998,0
./train/79.jpg,131.500032,175.00006399999998,248.50022400000003,203.00032,0
./train/79.jpg,456.99993600000005,172.499968,567.000064,203.500032,0
./train/8.jpg,87.000064,128.500224,253.000192,237.500416,0
./train/80.jpg,123.500032,168.0,254.49983999999998,201.999872,0
./train/80.jpg,293.499904,172.000256,458.500096,202.000384,0
./train/80.jpg,384.999936,107.500032,420.99967999999996,188.499968,0
./train/81.jpg,30.499840000000003,134.000128,67.50003199999999,168.0,0
./train/81.jpg,214.49983999999998,106.500096,237.499904,129.50016000000002,0
./train/82.jpg,262.00012799999996,482.99980800000003,316.0002560000001,498.99980800000003,0
./train/82.jpg,357.00019199999997,485.499904,485.00019199999997,512.499712,0
./train/82.jpg,472.0,486.49984000000006,552.0,515.500032,0
./train/83.jpg,32.0,483.50003200000003,94.000128,510.49984,0
./train/83.jpg,140.499968,481.50015999999994,275.50003200000003,506.500096,0
./train/83.jpg,430.000128,473.50015999999994,574.000128,504.500224,0
./train/84.jpg,159.00006399999998,472.500224,303.000064,503.500288,0
./train/84.jpg,303.499776,469.00019199999997,438.49984000000006,495.00006399999995,0
./train/85.jpg,37.000192,467.999744,95.000064,483.999744,0
./train/85.jpg,167.499776,450.500096,192.49971200000002,463.500288,0
./train/85.jpg,225.50016000000002,441.999872,252.49996800000002,456.0,0
./train/86.jpg,31.499776,366.00012799999996,92.49996800000001,394.000384,0
./train/86.jpg,238.49983999999998,400.999936,293.499904,420.99967999999996,0
./train/86.jpg,289.99987200000004,468.49996799999997,344.0,493.499904,0
./train/86.jpg,444.49996799999997,417.99987200000004,485.499904,443.999744,0
./train/86.jpg,360.0,471.00006399999995,420.000256,490.999808,0
./train/86.jpg,108.499968,464.99993600000005,157.49990400000002,487.00006399999995,0
./train/86.jpg,202.50009599999998,472.0,241.50016,489.999872,0
./train/86.jpg,256.0,501.00019199999997,307.999744,520.999936,0
./train/86.jpg,328.0,384.500224,352.0,411.500032,0
./train/86.jpg,21.000192000000002,494.49984000000006,56.999936,517.499904,0
./train/86.jpg,362.99980800000003,316.000256,412.99968,360.000512,0
./train/87.jpg,51.500032,445.499904,102.49984,462.49984000000006,0
./train/87.jpg,123.500032,449.50015999999994,166.49983999999998,468.499968,0
./train/87.jpg,291.500032,496.0,340.499968,520.0,0
./train/88.jpg,52.499968,496.500224,151.499776,521.5001599999999,0
./train/88.jpg,199.00006399999998,502.49984000000006,282.9998080000001,521.4996480000001,0
./train/88.jpg,396.000256,504.99993600000005,516.0002559999999,519.000064,0
./train/89.jpg,485.00019199999997,181.49990400000002,535.0000640000002,210.500096,0
./train/9.jpg,358.00012799999996,108.499968,392.0,227.500032,0
./train/9.jpg,352.999936,398.49984,394.99980800000003,601.4996480000001,0
./train/90.jpg,296.0,167.499776,361.99987200000004,196.499968,0
./train/90.jpg,334.49984,52.499968,379.500032,71.499776,0
./train/90.jpg,391.000064,83.99974399999999,447.00006399999995,112.0,0
./train/90.jpg,474.500096,16.0,529.5001599999998,38.000128,0
./train/91.jpg,116.499968,37.000192,169.50016000000002,63.000064,0
./train/91.jpg,22.000128,86.000128,62.000128,116.000256,0
./train/91.jpg,56.0,172.000256,132.00025599999998,204.000256,0
./train/91.jpg,217.999872,164.499968,275.999744,191.499776,0
./train/91.jpg,294.00012799999996,103.499776,340.0002560000001,126.49984,0
./train/91.jpg,379.500032,132.499968,432.500224,149.49990400000002,0
./train/91.jpg,454.000128,38.49984,512.0,57.499648,0
./train/91.jpg,359.499776,20.499968,400.499712,51.500032,0
./train/91.jpg,206.000128,10.500096000000001,270.00012799999996,29.499903999999997,0
./train/92.jpg,105.999872,8.0,160.0,22.000128,0
./train/93.jpg,46.000128000000004,400.0,134.000128,428.000256,0
./train/93.jpg,159.00006399999998,400.500224,288.99993600000005,419.500032,0
./train/93.jpg,409.99987200000004,397.00019199999997,550.000128,416.99993600000005,0
./train/94.jpg,144.500224,391.499776,277.50041600000003,422.49984000000006,0
./train/94.jpg,381.00019199999997,389.499904,525.000192,412.499968,0
./train/95.jpg,117.000192,477.499904,167.00006399999998,496.4997120000001,0
./train/95.jpg,275.500032,496.500224,332.499968,521.5001599999999,0
./train/95.jpg,402.500096,472.0,471.500288,491.999744,0
./train/95.jpg,493.00019199999997,412.499968,531.00032,427.500032,0
./train/95.jpg,170.50009599999998,400.0,203.500032,417.99987200000004,0
./train/95.jpg,94.000128,386.500096,172.000256,407.500288,0
./train/95.jpg,248.50022400000003,365.499904,361.50016,384.4997120000001,0
./train/96.jpg,146.50009599999998,334.49984,177.50016000000005,345.499648,0
./train/96.jpg,190.49983999999998,356.499968,233.499648,385.50016000000005,0
./train/96.jpg,178.50009599999998,401.50016,223.50028799999998,424.500224,0
./train/96.jpg,113.50016000000001,392.500224,154.50009599999996,417.50016,0
./train/96.jpg,52.499968,448.500224,107.500032,485.50041600000003,0
./train/96.jpg,30.499840000000003,313.99987200000004,89.49964800000002,347.999744,0
./train/96.jpg,207.499776,315.500032,240.49971200000002,332.499968,0
./train/96.jpg,270.49984,333.00019199999997,311.499776,352.99993600000005,0
./train/96.jpg,290.99980800000003,402.500096,328.999936,427.50003200000003,0
./train/96.jpg,194.50009599999998,443.50003200000003,255.50028799999998,470.49984,0
./train/96.jpg,175.499776,480.99993600000005,224.49971200000002,506.99980800000003,0
./train/96.jpg,271.000064,487.499776,327.000064,512.499712,0
./train/96.jpg,377.50016,353.99987200000004,430.50035199999996,382.000128,0
./train/96.jpg,460.49996799999997,409.99987200000004,509.499904,429.999616,0
./train/96.jpg,377.99987200000004,465.50015999999994,425.999872,488.500224,0
./train/96.jpg,434.500096,230.000128,471.500288,270.00012799999996,0
./train/96.jpg,397.499904,244.49996800000002,446.49984000000006,323.500032,0
./train/97.jpg,140.000256,423.00006399999995,228.000256,447.00006399999995,0
./train/97.jpg,312.0,435.999744,436.000256,464.0,0
./train/97.jpg,472.99993600000005,436.49996799999997,551.000064,463.499776,0
./train/98.jpg,24.999935999999998,421.00019199999997,72.999936,455.00006399999995,0
./train/99.jpg,472.500224,139.500032,551.500288,162.50009599999998,0
